S.NO    City_Id     City_Name             Degree    Adjacent_Edges                                              
1       1           ADILABAD-PE-02        3         1 2 3                                                       
2       2           AGARTALA-PE-02        1         4                                                           
3       3           AGARTALA-PP-01        2         5 6                                                         
4       4           AGRA-PE-02            2         7 8                                                         
5       5           AGRA-PE-03            2         9 10                                                        
6       6           AGRA-PE-04            2         11 12                                                       
7       7           AGRA-PP-02            22        13 14 15 16 17 18 19 20 21 22 23 24 25 26 27 28 29 30 31 32 33 34
8       8           AHMEDABAD-GSMPE-01    2         35 36                                                       
9       9           AHMEDABAD-GSMPE-02    2         37 38                                                       
10      10          AHMEDABAD-GSMPE-03    2         39 40                                                       
11      11          AHMEDABAD-MCR-01      1         41                                                          
12      12          AHMEDABAD-MCR-02      2         42 43                                                       
13      13          AHMEDABAD-PE-04       2         44 45                                                       
14      14          AHMEDABAD-PE-05       2         46 47                                                       
15      15          AHMEDABAD-PE-06       1         48                                                          
16      16          AHMEDABAD-PE-07       2         49 50                                                       
17      17          AHMEDABAD-PE-08       2         51 52                                                       
18      18          AHMEDABAD-PE-09       2         53 54                                                       
19      19          AHMEDABAD-PP-01       1         55                                                          
20      20          AHMEDABAD-PP-02       43        56 57 58 59 60 61 62 63 64 65 66 67 68 69 70 71 72 73 74 75 76 77 78 79 80 81 82 83 84 85 86 87 88 89 90 91 92 93 94 95 96 97 98
21      21          AHMEDNAGAR-PE-01      2         99 100                                                      
22      22          AHMEDNAGAR-PE-02      4         101 102 103 104                                             
23      23          AIZAWL-PE-01          2         105 106                                                     
24      24          AJMER-PE-02           2         107 108                                                     
25      25          AJMER-PE-03           2         109 110                                                     
26      26          AKOLA-PE-01           2         111 112                                                     
27      27          ALAPPUZHA-PE-01       2         113 114                                                     
28      28          ALAPPUZHA-PE-02       2         115 116                                                     
29      29          ALLAHABAD-PE-02       3         117 118 119                                                 
30      30          ALLAHABAD-PE-03       5         120 121 122 123 124                                         
31      31          ALMORA-PE-01          3         125 126 127                                                 
32      32          ALWAR-PE-02           3         128 129 130                                                 
33      33          ALWAR-PE-03           3         131 132 133                                                 
34      34          AMARAVATI-PE-01       2         134 135                                                     
35      35          AMARAVATI-PE-02       2         136 137                                                     
36      36          AMBALA-GSMPE-01       3         138 139 140                                                 
37      37          AMBALA-GSMPE-02       2         141 142                                                     
38      38          AMBALA-MCR-01         1         143                                                         
39      39          AMBALA-PE-02          2         144 145                                                     
40      40          AMBALA-PE-03          2         146 147                                                     
41      41          AMBALA-PE-04          2         148 149                                                     
42      42          AMBALA-PP-01          23        150 151 152 153 154 155 156 157 158 159 160 161 162 163 164 165 166 167 168 169 170 171 172
43      43          AMRITSAR-PE-02        2         173 174                                                     
44      44          AMRITSAR-PE-03        2         175 176                                                     
45      45          ANAND-PE-02           2         177 178                                                     
46      46          ANAND-PE-03           2         179 180                                                     
47      47          ANANTAPUR-PE-02       1         181                                                         
48      48          ANANTAPUR-PE-03       4         182 183 184 185                                             
49      49          ANGUL-PE-01           2         186 187                                                     
50      50          ARAH-PE-01            2         188 189                                                     
51      51          ASANSOL-PE-01         1         190                                                         
52      52          AURANGABAD-PE-02      3         191 192 193                                                 
53      53          AURANGABAD-PE-03      3         194 195 196                                                 
54      54          AZAMGARH-PE-01        3         197 198 199                                                 
55      55          BALASORE-PE-01        3         200 201 202                                                 
56      56          BALASORE-PE-02        2         203 204                                                     
57      57          BANGALORE-GSMPE-01    2         205 206                                                     
58      58          BANGALORE-GSMPE-02    2         207 208                                                     
59      59          BANGALORE-IGW-04      1         209                                                         
60      60          BANGALORE-IGW-05      1         210                                                         
61      61          BANGALORE-IGWPE-04    2         211 212                                                     
62      62          BANGALORE-IGWPE-05    2         213 214                                                     
63      63          BANGALORE-MCR-01      1         215                                                         
64      64          BANGALORE-MCR-02      2         216 217                                                     
65      65          BANGALORE-PE-02       1         218                                                         
66      66          BANGALORE-PE-03       1         219                                                         
67      67          BANGALORE-PE-04       1         220                                                         
68      68          BANGALORE-PE-05       2         221 222                                                     
69      69          BANGALORE-PE-06       2         223 224                                                     
70      70          BANGALORE-PE-07       1         225                                                         
71      71          BANGALORE-PE-08       1         226                                                         
72      72          BANGALORE-PE-11       1         227                                                         
73      73          BANGALORE-PE-12       1         228                                                         
74      74          BANGALORE-PE-13       2         229 230                                                     
75      75          BANGALORE-PE-14       2         231 232                                                     
76      76          BANGALORE-PE-15       2         233 234                                                     
77      77          BANGALORE-PE-16       2         235 236                                                     
78      78          BANGALORE-PP-02       1         237                                                         
79      79          BANGALORE-PP-03       1         238                                                         
80      80          BANGALORE-PP-04       19        239 240 241 242 243 244 245 246 247 248 249 250 251 252 253 254 255 256 257
81      81          BANGALORE-PP-05       15        258 259 260 261 262 263 264 265 266 267 268 269 270 271 272 
82      82          BANGALORE-PP-06       23        273 274 275 276 277 278 279 280 281 282 283 284 285 286 287 288 289 290 291 292 293 294 295
83      83          BANGALORE-PP-07       29        296 297 298 299 300 301 302 303 304 305 306 307 308 309 310 311 312 313 314 315 316 317 318 319 320 321 322 323 324
84      84          BANGALORE-VRR-02      1         325                                                         
85      85          BANKURA-PE-01         2         326 327                                                     
86      86          BAREILLY-PE-01        3         328 329 330                                                 
87      87          BAREILLY-PE-02        4         331 332 333 334                                             
88      88          BASTI-PE-01           2         335 336                                                     
89      89          BELAPUR-PE-01         3         337 338 339                                                 
90      90          BELGAUM-PE-02         2         340 341                                                     
91      91          BELGAUM-PE-03         3         342 343 344                                                 
92      92          BELLARY-PE-01         3         345 346 347                                                 
93      93          BERHAMPORE-PE-01      2         348 349                                                     
94      94          BERHAMPUR-PE-01       2         350 351                                                     
95      95          BERHAMPUR-PE-02       2         352 353                                                     
96      96          BHAGALPUR-PE-01       2         354 355                                                     
97      97          BHAGALPUR-PE-03       2         356 357                                                     
98      98          BHAGALPUR-PP-01       18        358 359 360 361 362 363 364 365 366 367 368 369 370 371 372 373 374 375
99      99          BHANDARA-PE-01        2         376 377                                                     
100     100         BHARUCH-PE-01         2         378 379                                                     
101     101         BHATINDA-PE-01        2         380 381                                                     
102     102         BHATINDA-PP-01        14        382 383 384 385 386 387 388 389 390 391 392 393 394 395     
103     103         BHAVNAGAR-PE-01       2         396 397                                                     
104     104         BHILWARA-PE-01        2         398 399                                                     
105     105         BHOPAL-GSMPE-01       2         400 401                                                     
106     106         BHOPAL-GSMPE-02       2         402 403                                                     
107     107         BHOPAL-PE-02          2         404 405                                                     
108     108         BHOPAL-PE-03          2         406 407                                                     
109     109         BHOPAL-PE-04          2         408 409                                                     
110     110         BHOPAL-PE-05          2         410 411                                                     
111     111         BHOPAL-PE-06          2         412 413                                                     
112     112         BHOPAL-PP-02          28        414 415 416 417 418 419 420 421 422 423 424 425 426 427 428 429 430 431 432 433 434 435 436 437 438 439 440 441
113     113         BHUBANESWAR-GSMPE-01  2         442 443                                                     
114     114         BHUBANESWAR-GSMPE-02  2         444 445                                                     
115     115         BHUBANESWAR-GSMPE-03  2         446 447                                                     
116     116         BHUBANESWAR-PE-03     1         448                                                         
117     117         BHUBANESWAR-PE-04     1         449                                                         
118     118         BHUBANESWAR-PE-05     2         450 451                                                     
119     119         BHUBANESWAR-PE-06     2         452 453                                                     
120     120         BHUBANESWAR-PP-02     29        454 455 456 457 458 459 460 461 462 463 464 465 466 467 468 469 470 471 472 473 474 475 476 477 478 479 480 481 482
121     121         BHUJ-PE-01            2         483 484                                                     
122     122         BHUJ-PE-02            2         485 486                                                     
123     123         BIJAPUR-PE-01         2         487 488                                                     
124     124         BIKANER-PE-01         3         489 490 491                                                 
125     125         BIKANER-PE-02         2         492 493                                                     
126     126         BILASPUR-PE-02        3         494 495 496                                                 
127     127         BILASPUR-PE-03        3         497 498 499                                                 
128     128         BIRBHUM-PE-01         2         500 501                                                     
129     129         BOKARO-PE-01          1         502                                                         
130     130         BONGAIGAON-PE-01      2         503 504                                                     
131     131         BONGAIGAON-PE-02      2         505 506                                                     
132     132         BURDWAN-PE-01         2         507 508                                                     
133     133         CALICUT-GSMPE-01      2         509 510                                                     
134     134         CALICUT-GSMPE-02      2         511 512                                                     
135     135         CALICUT-PE-02         2         513 514                                                     
136     136         CALICUT-PE-03         2         515 516                                                     
137     137         CALICUT-PP-02         26        517 518 519 520 521 522 523 524 525 526 527 528 529 530 531 532 533 534 535 536 537 538 539 540 541 542
138     138         CHANDIGARH-GSMPE-03   2         543 544                                                     
139     139         CHANDIGARH-GSMPE-04   2         545 546                                                     
140     140         CHANDIGARH-GSMPE-05   2         547 548                                                     
141     141         CHANDIGARH-GSMPE-06   2         549 550                                                     
142     142         CHANDIGARH-GSMPE-07   2         551 552                                                     
143     143         CHANDIGARH-GSMPE-08   2         553 554                                                     
144     144         CHANDIGARH-GSMPE-09   2         555 556                                                     
145     145         CHANDIGARH-MCR-01     2         557 558                                                     
146     146         CHANDIGARH-PE-01      1         559                                                         
147     147         CHANDIGARH-PE-02      3         560 561 562                                                 
148     148         CHANDIGARH-PE-03      3         563 564 565                                                 
149     149         CHANDIGARH-PE-05      2         566 567                                                     
150     150         CHANDIGARH-PE-06      2         568 569                                                     
151     151         CHANDIGARH-PP-02      1         570                                                         
152     152         CHANDIGARH-PP-03      45        571 572 573 574 575 576 577 578 579 580 581 582 583 584 585 586 587 588 589 590 591 592 593 594 595 596 597 598 599 600 601 602 603 604 605 606 607 608 609 610 611 612 613 614 615
153     153         CHANDIGARH-PP-04      38        616 617 618 619 620 621 622 623 624 625 626 627 628 629 630 631 632 633 634 635 636 637 638 639 640 641 642 643 644 645 646 647 648 649 650 651 652 653
154     154         CHANDRAPUR-PE-01      2         654 655                                                     
155     155         CHANDRAPUR-PE-02      2         656 657                                                     
156     156         CHAPRA-PE-01          2         658 659                                                     
157     157         CHENNAI-GSMPE-01      2         660 661                                                     
158     158         CHENNAI-GSMPE-02      2         662 663                                                     
159     159         CHENNAI-GSMPE-03      2         664 665                                                     
160     160         CHENNAI-GSMPE-04      2         666 667                                                     
161     161         CHENNAI-IGW-04        1         668                                                         
162     162         CHENNAI-IGW-05        1         669                                                         
163     163         CHENNAI-IGWPE-04      2         670 671                                                     
164     164         CHENNAI-IGWPE-05      2         672 673                                                     
165     165         CHENNAI-IRR-02        2         674 675                                                     
166     166         CHENNAI-IXP-01        1         676                                                         
167     167         CHENNAI-MCR-01        2         677 678                                                     
168     168         CHENNAI-MCR-02        2         679 680                                                     
169     169         CHENNAI-PE-02         1         681                                                         
170     170         CHENNAI-PE-06         2         682 683                                                     
171     171         CHENNAI-PE-07         2         684 685                                                     
172     172         CHENNAI-PE-08         2         686 687                                                     
173     173         CHENNAI-PE-09         2         688 689                                                     
174     174         CHENNAI-PE-11         1         690                                                         
175     175         CHENNAI-PE-13         2         691 692                                                     
176     176         CHENNAI-PE-14         2         693 694                                                     
177     177         CHENNAI-PE-15         2         695 696                                                     
178     178         CHENNAI-PE-16         2         697 698                                                     
179     179         CHENNAI-PE-17         2         699 700                                                     
180     180         CHENNAI-PE-18         2         701 702                                                     
181     181         CHENNAI-PE-19         2         703 704                                                     
182     182         CHENNAI-PP-04         23        705 706 707 708 709 710 711 712 713 714 715 716 717 718 719 720 721 722 723 724 725 726 727
183     183         CHENNAI-PP-05         20        728 729 730 731 732 733 734 735 736 737 738 739 740 741 742 743 744 745 746 747
184     184         CHENNAI-PP-06         37        748 749 750 751 752 753 754 755 756 757 758 759 760 761 762 763 764 765 766 767 768 769 770 771 772 773 774 775 776 777 778 779 780 781 782 783 784
185     185         CHENNAI-PP-07         42        785 786 787 788 789 790 791 792 793 794 795 796 797 798 799 800 801 802 803 804 805 806 807 808 809 810 811 812 813 814 815 816 817 818 819 820 821 822 823 824 825 826
186     186         COIMBATORE-PE-03      2         827 828                                                     
187     187         COIMBATORE-PE-04      2         829 830                                                     
188     188         COIMBATORE-PE-05      2         831 832                                                     
189     189         COIMBATORE-PP-01      1         833                                                         
190     190         COIMBATORE-PP-02      32        834 835 836 837 838 839 840 841 842 843 844 845 846 847 848 849 850 851 852 853 854 855 856 857 858 859 860 861 862 863 864 865
191     191         CUDDALORE-PE-01       2         866 867                                                     
192     192         CUDDALORE-PE-02       4         868 869 870 871                                             
193     193         CUDDAPAH-PE-01        3         872 873 874                                                 
194     194         CUTTACK-PE-01         2         875 876                                                     
195     195         CUTTACK-PE-03         2         877 878                                                     
196     196         CUTTACK-PE-04         2         879 880                                                     
197     197         CUTTACK-PP-01         21        881 882 883 884 885 886 887 888 889 890 891 892 893 894 895 896 897 898 899 900 901
198     198         DALTONGANJ-PE-01      2         902 903                                                     
199     199         DARBHANGA-PE-01       2         904 905                                                     
200     200         DEHRADUN-GSMPE-01     2         906 907                                                     
201     201         DEHRADUN-PE-01        2         908 909                                                     
202     202         DEHRADUN-PE-02        2         910 911                                                     
203     203         DEHRADUN-PE-03        2         912 913                                                     
204     204         DEHRADUN-PP-02        18        914 915 916 917 918 919 920 921 922 923 924 925 926 927 928 929 930 931
205     205         DHANBAD-PE-02         2         932 933                                                     
206     206         DHANBAD-PE-03         2         934 935                                                     
207     207         DHANBAD-PE-04         4         936 937 938 939                                             
208     208         DHARAMSHALA-PE-01     3         940 941 942                                                 
209     209         DHARAMSHALA-PE-02     2         943 944                                                     
210     210         DHARMAPURI-PE-01      2         945 946                                                     
211     211         DHARMAPURI-PE-02      3         947 948 949                                                 
212     212         DHENKANAL-PE-01       2         950 951                                                     
213     213         DHERADUN-GSMPE-01     1         952                                                         
214     214         DHULE-PE-02           2         953 954                                                     
215     215         DHULE-PE-03           3         955 956 957                                                 
216     216         DHULE-PP-01           18        958 959 960 961 962 963 964 965 966 967 968 969 970 971 972 973 974 975
217     217         DIBRUGARH-PE-01       3         976 977 978                                                 
218     218         DIMAPUR-PE-02         2         979 980                                                     
219     219         DIMAPUR-PE-03         2         981 982                                                     
220     220         DIMAPUR-PP-01         11        983 984 985 986 987 988 989 990 991 992 993                 
221     221         DUMKA-PE-01           3         994 995 996                                                 
222     222         DURG-PE-02            3         997 998 999                                                 
223     223         DURGAPUR-GSMPE-01     2         1000 1001                                                   
224     224         DURGAPUR-MCR-01       1         1002                                                        
225     225         DURGAPUR-PE-01        1         1003                                                        
226     226         DURGAPUR-PE-02        1         1004                                                        
227     227         DURGAPUR-PE-03        1         1005                                                        
228     228         DURGAPUR-PE-04        2         1006 1007                                                   
229     229         DURGAPUR-PP-02        23        1008 1009 1010 1011 1012 1013 1014 1015 1016 1017 1018 1019 1020 1021 1022 1023 1024 1025 1026 1027 1028 1029 1030
230     230         ELURU-PE-02           2         1031 1032                                                   
231     231         ELURU-PE-03           2         1033 1034                                                   
232     232         ERNAKULAM-GSMPE-01    2         1035 1036                                                   
233     233         ERNAKULAM-GSMPE-02    2         1037 1038                                                   
234     234         ERNAKULAM-GSMPE-03    2         1039 1040                                                   
235     235         ERNAKULAM-GSMPE-04    2         1041 1042                                                   
236     236         ERNAKULAM-IGW-02      1         1043                                                        
237     237         ERNAKULAM-IGWPE-02    2         1044 1045                                                   
238     238         ERNAKULAM-MCR-01      2         1046 1047                                                   
239     239         ERNAKULAM-PE-04       2         1048 1049                                                   
240     240         ERNAKULAM-PE-05       1         1050                                                        
241     241         ERNAKULAM-PE-06       1         1051                                                        
242     242         ERNAKULAM-PE-07       2         1052 1053                                                   
243     243         ERNAKULAM-PE-08       2         1054 1055                                                   
244     244         ERNAKULAM-PP-02       10        1056 1057 1058 1059 1060 1061 1062 1063 1064 1065           
245     245         ERNAKULAM-PP-03       35        1066 1067 1068 1069 1070 1071 1072 1073 1074 1075 1076 1077 1078 1079 1080 1081 1082 1083 1084 1085 1086 1087 1088 1089 1090 1091 1092 1093 1094 1095 1096 1097 1098 1099 1100
246     246         ERODE-PE-01           3         1101 1102 1103                                              
247     247         ERODE-PE-02           3         1104 1105 1106                                              
248     248         FAIZABAD-PE-01        2         1107 1108                                                   
249     249         FAIZABAD-PE-02        3         1109 1110 1111                                              
250     250         FARIDABAD-PE-02       4         1112 1113 1114 1115                                         
251     251         FARIDABAD-PE-03       3         1116 1117 1118                                              
252     252         FEROZPUR-PE-02        2         1119 1120                                                   
253     253         FEROZPUR-PE-03        2         1121 1122                                                   
254     254         GANDHINAGAR-PE-01     1         1123                                                        
255     255         GANGTOK-PE-01         3         1124 1125 1126                                              
256     256         GARHWAL-PE-01         2         1127 1128                                                   
257     257         GAYA-MCR-01           2         1129 1130                                                   
258     258         GAYA-PE-01            2         1131 1132                                                   
259     259         GAYA-PE-02            2         1133 1134                                                   
260     260         GHAZIABAD-PE-02       3         1135 1136 1137                                              
261     261         GHAZIABAD-PE-03       2         1138 1139                                                   
262     262         GODHRA-PE-01          3         1140 1141 1142                                              
263     263         GORAKHPUR-PE-02       2         1143 1144                                                   
264     264         GORAKHPUR-PE-03       2         1145 1146                                                   
265     265         GORAKHPUR-PP-01       11        1147 1148 1149 1150 1151 1152 1153 1154 1155 1156 1157      
266     266         GULBARGA-PE-01        3         1158 1159 1160                                              
267     267         GULBARGA-PE-02        2         1161 1162                                                   
268     268         GUNA-PE-01            2         1163 1164                                                   
269     269         GUNTUR-PE-02          3         1165 1166 1167                                              
270     270         GURGAON-MCR-01        1         1168                                                        
271     271         GURGAON-PE-01         1         1169                                                        
272     272         GURGAON-PE-02         3         1170 1171 1172                                              
273     273         GURGAON-PE-03         3         1173 1174 1175                                              
274     274         GURGAON-PP-01         16        1176 1177 1178 1179 1180 1181 1182 1183 1184 1185 1186 1187 1188 1189 1190 1191
275     275         GURGAON-PP-02         1         1192                                                        
276     276         GUWAHATI-GSMPE-01     2         1193 1194                                                   
277     277         GUWAHATI-GSMPE-02     2         1195 1196                                                   
278     278         GUWAHATI-PE-03        2         1197 1198                                                   
279     279         GUWAHATI-PE-04        2         1199 1200                                                   
280     280         GUWAHATI-PE-05        2         1201 1202                                                   
281     281         GUWAHATI-PP-02        33        1203 1204 1205 1206 1207 1208 1209 1210 1211 1212 1213 1214 1215 1216 1217 1218 1219 1220 1221 1222 1223 1224 1225 1226 1227 1228 1229 1230 1231 1232 1233 1234 1235
282     282         GUWAHATI-VRR-01       1         1236                                                        
283     283         GWALIOR-MCR-01        4         1237 1238 1239 1240                                         
284     284         GWALIOR-PE-02(GUNA)   1         1241                                                        
285     285         GWALIOR-PE-03         4         1242 1243 1244 1245                                         
286     286         HALDWANI-PE-01        1         1246                                                        
287     287         HALDWANI-PE-02        3         1247 1248 1249                                              
288     288         HALDWANI-PE-03        4         1250 1251 1252 1253                                         
289     289         HAMIRPUR-PE-01        2         1254 1255                                                   
290     290         HAMIRPUR-PE-02        3         1256 1257 1258                                              
291     291         HARIDWAR-PE-01        2         1259 1260                                                   
292     292         HARIDWAR-PE-02        4         1261 1262 1263 1264                                         
293     293         HASSAN-PE-01          2         1265 1266                                                   
294     294         HAZARIBAGH-PE-01      4         1267 1268 1269 1270                                         
295     295         HISAR-PE-01           2         1271 1272                                                   
296     296         HISAR-PE-02           4         1273 1274 1275 1276                                         
297     297         HOSHANGABAD-PE-01     1         1277                                                        
298     298         HOSHIARPUR-PE-01      3         1278 1279 1280                                              
299     299         HUBLI-PE-02           2         1281 1282                                                   
300     300         HUBLI-PE-03           2         1283 1284                                                   
301     301         HUBLI-PP-01           19        1285 1286 1287 1288 1289 1290 1291 1292 1293 1294 1295 1296 1297 1298 1299 1300 1301 1302 1303
302     302         HYDERABAD-CDRPE-01    2         1304 1305                                                   
303     303         HYDERABAD-CDRPE-02    2         1306 1307                                                   
304     304         HYDERABAD-GSMPE-01    2         1308 1309                                                   
305     305         HYDERABAD-GSMPE-02    2         1310 1311                                                   
306     306         HYDERABAD-GSMPE-03    2         1312 1313                                                   
307     307         HYDERABAD-MCR-01      2         1314 1315                                                   
308     308         HYDERABAD-MCR-02      2         1316 1317                                                   
309     309         HYDERABAD-PE-02       2         1318 1319                                                   
310     310         HYDERABAD-PE-05       2         1320 1321                                                   
311     311         HYDERABAD-PE-06       2         1322 1323                                                   
312     312         HYDERABAD-PE-08       2         1324 1325                                                   
313     313         HYDERABAD-PE-09       2         1326 1327                                                   
314     314         HYDERABAD-PE-10       2         1328 1329                                                   
315     315         HYDERABAD-PE-11       2         1330 1331                                                   
316     316         HYDERABAD-PE-12       2         1332 1333                                                   
317     317         HYDERABAD-PP-02       49        1334 1335 1336 1337 1338 1339 1340 1341 1342 1343 1344 1345 1346 1347 1348 1349 1350 1351 1352 1353 1354 1355 1356 1357 1358 1359 1360 1361 1362 1363 1364 1365 1366 1367 1368 1369 1370 1371 1372 1373 1374 1375 1376 1377 1378 1379 1380 1381 1382
318     318         IMPHAL-PE-01          2         1383 1384                                                   
319     319         IMPHAL-PE-02          2         1385 1386                                                   
320     320         INDORE-PE-02          2         1387 1388                                                   
321     321         INDORE-PE-03          2         1389 1390                                                   
322     322         INDORE-PP-02          29        1391 1392 1393 1394 1395 1396 1397 1398 1399 1400 1401 1402 1403 1404 1405 1406 1407 1408 1409 1410 1411 1412 1413 1414 1415 1416 1417 1418 1419
323     323         ITANAGAR-PE-01        1         1420                                                        
324     324         ITANAGAR-PE-02        3         1421 1422 1423                                              
325     325         JABALPUR-PE-02        2         1424 1425                                                   
326     326         JABALPUR-PE-03        1         1426                                                        
327     327         JABALPUR-PE-04        3         1427 1428 1429                                              
328     328         JABALPUR-PP-02        19        1430 1431 1432 1433 1434 1435 1436 1437 1438 1439 1440 1441 1442 1443 1444 1445 1446 1447 1448
329     329         JAGDALPUR-PE-01       2         1449 1450                                                   
330     330         JAIPUR-GSMPE-01       2         1451 1452                                                   
331     331         JAIPUR-GSMPE-02       2         1453 1454                                                   
332     332         JAIPUR-GSMPE-03       2         1455 1456                                                   
333     333         JAIPUR-MCR-01         1         1457                                                        
334     334         JAIPUR-PE-02          1         1458                                                        
335     335         JAIPUR-PE-03          1         1459                                                        
336     336         JAIPUR-PE-04          1         1460                                                        
337     337         JAIPUR-PE-05          2         1461 1462                                                   
338     338         JAIPUR-PE-06          2         1463 1464                                                   
339     339         JAIPUR-PP-02          39        1465 1466 1467 1468 1469 1470 1471 1472 1473 1474 1475 1476 1477 1478 1479 1480 1481 1482 1483 1484 1485 1486 1487 1488 1489 1490 1491 1492 1493 1494 1495 1496 1497 1498 1499 1500 1501 1502 1503
340     340         JAIPUR-VRR-01         1         1504                                                        
341     341         JALANDHAR-PE-01       1         1505                                                        
342     342         JALANDHAR-PE-02       1         1506                                                        
343     343         JALANDHAR-PE-03       1         1507                                                        
344     344         JALANDHAR-PE-04       2         1508 1509                                                   
345     345         JALANDHAR-PE-05       2         1510 1511                                                   
346     346         JALANDHAR-PP-02       31        1512 1513 1514 1515 1516 1517 1518 1519 1520 1521 1522 1523 1524 1525 1526 1527 1528 1529 1530 1531 1532 1533 1534 1535 1536 1537 1538 1539 1540 1541 1542
347     347         JALGAON-PE-01         3         1543 1544 1545                                              
348     348         JALPAIGURI-PE-01      1         1546                                                        
349     349         JAMMU-GSMPE-01        1         1547                                                        
350     350         JAMMU-PE-02           1         1548                                                        
351     351         JAMMU-PE-03           2         1549 1550                                                   
352     352         JAMMU-PP-01           5         1551 1552 1553 1554 1555                                    
353     353         JAMNAGAR-PE-01        1         1556                                                        
354     354         JAMSHEDPUR-PE-02      3         1557 1558 1559                                              
355     355         JAMSHEDPUR-PE-03      3         1560 1561 1562                                              
356     356         JHANSI-PE-01          1         1563                                                        
357     357         JHANSI-PE-02          2         1564 1565                                                   
358     358         JHANSI-PE-03          2         1566 1567                                                   
359     359         JHANSI-PP-01          15        1568 1569 1570 1571 1572 1573 1574 1575 1576 1577 1578 1579 1580 1581 1582
360     360         JHUNJHUNU-PE-01       2         1583 1584                                                   
361     361         JODHPUR-PE-02         3         1585 1586 1587                                              
362     362         JODHPUR-PE-03         2         1588 1589                                                   
363     363         JODHPUR-PP-02         19        1590 1591 1592 1593 1594 1595 1596 1597 1598 1599 1600 1601 1602 1603 1604 1605 1606 1607 1608
364     364         JORHAT-PE-01          2         1609 1610                                                   
365     365         JORHAT-PE-02          2         1611 1612                                                   
366     366         JUNAGADH-PE-01        1         1613                                                        
367     367         KALYAN-PE-02          2         1614 1615                                                   
368     368         KALYAN-PE-03          2         1616 1617                                                   
369     369         KANCHIPURAM-PE-01     2         1618 1619                                                   
370     370         KANNUR-PE-01          2         1620 1621                                                   
371     371         KANNUR-PE-02          2         1622 1623                                                   
372     372         KANPUR-PE-02          4         1624 1625 1626 1627                                         
373     373         KANPUR-PE-03          4         1628 1629 1630 1631                                         
374     374         KARAIKUDI-PE-01       2         1632 1633                                                   
375     375         KARAIKUDI-PE-02       2         1634 1635                                                   
376     376         KARIMNAGAR-PE-01      2         1636 1637                                                   
377     377         KARNAL-PE-01          2         1638 1639                                                   
378     378         KARNAL-PE-02          3         1640 1641 1642                                              
379     379         KARVAR-PE-02          3         1643 1644 1645                                              
380     380         KATIHAR-PE-01         3         1646 1647 1648                                              
381     381         KHAMMAM-PE-01         3         1649 1650 1651                                              
382     382         KHARAGPUR-PE-02       3         1652 1653 1654                                              
383     383         KHARAGPUR-PE-03       4         1655 1656 1657 1658                                         
384     384         KOLHAPUR-PE-02        3         1659 1660 1661                                              
385     385         KOLHAPUR-PE-03        3         1662 1663 1664                                              
386     386         KOLKATA-GSMPE-01      1         1665                                                        
387     387         KOLKATA-GSMPE-02      1         1666                                                        
388     388         KOLKATA-GSMPE-03      1         1667                                                        
389     389         KOLKATA-GSMPE-04      1         1668                                                        
390     390         KOLKATA-GSMPE-05      2         1669 1670                                                   
391     391         KOLKATA-GSMPE-06      2         1671 1672                                                   
392     392         KOLKATA-GSMPE-07      2         1673 1674                                                   
393     393         KOLKATA-IGW-03        1         1675                                                        
394     394         KOLKATA-IGW-04        1         1676                                                        
395     395         KOLKATA-IGWPE-03      2         1677 1678                                                   
396     396         KOLKATA-IGWPE-04      2         1679 1680                                                   
397     397         KOLKATA-MCR-01        2         1681 1682                                                   
398     398         KOLKATA-MCR-02        2         1683 1684                                                   
399     399         KOLKATA-PE-04         1         1685                                                        
400     400         KOLKATA-PE-06         1         1686                                                        
401     401         KOLKATA-PE-07         1         1687                                                        
402     402         KOLKATA-PE-08         1         1688                                                        
403     403         KOLKATA-PE-09         1         1689                                                        
404     404         KOLKATA-PE-10         2         1690 1691                                                   
405     405         KOLKATA-PE-11         2         1692 1693                                                   
406     406         KOLKATA-PE-12         2         1694 1695                                                   
407     407         KOLKATA-PE-13         2         1696 1697                                                   
408     408         KOLKATA-PP-02         1         1698                                                        
409     409         KOLKATA-PP-03         1         1699                                                        
410     410         KOLKATA-PP-04         19        1700 1701 1702 1703 1704 1705 1706 1707 1708 1709 1710 1711 1712 1713 1714 1715 1716 1717 1718
411     411         KOLKATA-PP-05         18        1719 1720 1721 1722 1723 1724 1725 1726 1727 1728 1729 1730 1731 1732 1733 1734 1735 1736
412     412         KOLKATA-PP-06         37        1737 1738 1739 1740 1741 1742 1743 1744 1745 1746 1747 1748 1749 1750 1751 1752 1753 1754 1755 1756 1757 1758 1759 1760 1761 1762 1763 1764 1765 1766 1767 1768 1769 1770 1771 1772 1773
413     413         KOLKATA-PP-07         14        1774 1775 1776 1777 1778 1779 1780 1781 1782 1783 1784 1785 1786 1787
414     414         KOLKATA-VRR-01        2         1788 1789                                                   
415     415         KOLLAM-PE-01          2         1790 1791                                                   
416     416         KOLLAM-PE-02          2         1792 1793                                                   
417     417         KOTA-PE-02            2         1794 1795                                                   
418     418         KOTA-PE-03            3         1796 1797 1798                                              
419     419         KOTTAYAM-PE-01        2         1799 1800                                                   
420     420         KOTTAYAM-PE-02        2         1801 1802                                                   
421     421         KUMBAKONAM-MCR-01     2         1803 1804                                                   
422     422         KUMBAKONAM-PE-01      2         1805 1806                                                   
423     423         KURNOOL-PE-01         3         1807 1808 1809                                              
424     424         KURNOOL-PE-02         2         1810 1811                                                   
425     425         KURNOOL-PP-01         17        1812 1813 1814 1815 1816 1817 1818 1819 1820 1821 1822 1823 1824 1825 1826 1827 1828
426     426         LUCKNOW-GSMPE-01      2         1829 1830                                                   
427     427         LUCKNOW-GSMPE-02      2         1831 1832                                                   
428     428         LUCKNOW-MCR-01        2         1833 1834                                                   
429     429         LUCKNOW-PE-01         2         1835 1836                                                   
430     430         LUCKNOW-PE-02         2         1837 1838                                                   
431     431         LUCKNOW-PE-03         1         1839                                                        
432     432         LUCKNOW-PE-04         2         1840 1841                                                   
433     433         LUCKNOW-PE-05         2         1842 1843                                                   
434     434         LUCKNOW-PE-06         2         1844 1845                                                   
435     435         LUCKNOW-PE-07         1         1846                                                        
436     436         LUCKNOW-PE-08         2         1847 1848                                                   
437     437         LUCKNOW-PP-03         36        1849 1850 1851 1852 1853 1854 1855 1856 1857 1858 1859 1860 1861 1862 1863 1864 1865 1866 1867 1868 1869 1870 1871 1872 1873 1874 1875 1876 1877 1878 1879 1880 1881 1882 1883 1884
438     438         LUCKNOW-PP-04         33        1885 1886 1887 1888 1889 1890 1891 1892 1893 1894 1895 1896 1897 1898 1899 1900 1901 1902 1903 1904 1905 1906 1907 1908 1909 1910 1911 1912 1913 1914 1915 1916 1917
439     439         LUDHIANA-PE-02        2         1918 1919                                                   
440     440         LUDHIANA-PE-03        3         1920 1921 1922                                              
441     441         MADURAI-PE-02         2         1923 1924                                                   
442     442         MADURAI-PE-03         2         1925 1926                                                   
443     443         MADURAI-PE-04         2         1927 1928                                                   
444     444         MADURAI-PP-02         29        1929 1930 1931 1932 1933 1934 1935 1936 1937 1938 1939 1940 1941 1942 1943 1944 1945 1946 1947 1948 1949 1950 1951 1952 1953 1954 1955 1956 1957
445     445         MAHBUBNAGAR-PE-01     2         1958 1959                                                   
446     446         MALDA-PE-01           2         1960 1961                                                   
447     447         MANGALORE-PE-03       2         1962 1963                                                   
448     448         MANGALORE-PE-04       2         1964 1965                                                   
449     449         MANGALORE-PP-02       14        1966 1967 1968 1969 1970 1971 1972 1973 1974 1975 1976 1977 1978 1979
450     450         MANJERI-PE-01         2         1980 1981                                                   
451     451         MANJERI-PE-02         2         1982 1983                                                   
452     452         MEERUT-GSMPE-01       2         1984 1985                                                   
453     453         MEERUT-GSMPE-02       2         1986 1987                                                   
454     454         MEERUT-PE-02          3         1988 1989 1990                                              
455     455         MEERUT-PE-03          3         1991 1992 1993                                              
456     456         MEHSANA-PE-02         1         1994                                                        
457     457         MEHSANA-PE-03         2         1995 1996                                                   
458     458         MIRZAPUR-PE-01        3         1997 1998 1999                                              
459     459         MORADABAD-PE-02       2         2000 2001                                                   
460     460         MORADABAD-PE-03       3         2002 2003 2004                                              
461     461         MORADABAD-PP-01       21        2005 2006 2007 2008 2009 2010 2011 2012 2013 2014 2015 2016 2017 2018 2019 2020 2021 2022 2023 2024 2025
462     462         MOTIHARI-PE-01        2         2026 2027                                                   
463     463         MUMBAI-GSMPE-02       2         2028 2029                                                   
464     464         MUMBAI-IGW-04         1         2030                                                        
465     465         MUMBAI-IGW-05         1         2031                                                        
466     466         MUMBAI-IGWPE-04       2         2032 2033                                                   
467     467         MUMBAI-IGWPE-05       2         2034 2035                                                   
468     468         MUMBAI-IRR-02         2         2036 2037                                                   
469     469         MUMBAI-PE-01          2         2038 2039                                                   
470     470         MUMBAI-PE-02          2         2040 2041                                                   
471     471         MUMBAI-PE-03          2         2042 2043                                                   
472     472         MUMBAI-PE-05          2         2044 2045                                                   
473     473         MUMBAI-PE-06          2         2046 2047                                                   
474     474         MUMBAI-PE-07          2         2048 2049                                                   
475     475         MUMBAI-PE-08          2         2050 2051                                                   
476     476         MUMBAI-PE-09          2         2052 2053                                                   
477     477         MUMBAI-PE-10          2         2054 2055                                                   
478     478         MUMBAI-PE-11          2         2056 2057                                                   
479     479         MUMBAI-PP-02          1         2058                                                        
480     480         MUMBAI-PP-04          22        2059 2060 2061 2062 2063 2064 2065 2066 2067 2068 2069 2070 2071 2072 2073 2074 2075 2076 2077 2078 2079 2080
481     481         MUMBAI-PP-05          23        2081 2082 2083 2084 2085 2086 2087 2088 2089 2090 2091 2092 2093 2094 2095 2096 2097 2098 2099 2100 2101 2102 2103
482     482         MUMBAI-PP-06          25        2104 2105 2106 2107 2108 2109 2110 2111 2112 2113 2114 2115 2116 2117 2118 2119 2120 2121 2122 2123 2124 2125 2126 2127 2128
483     483         MUMBAI-PP-07          25        2129 2130 2131 2132 2133 2134 2135 2136 2137 2138 2139 2140 2141 2142 2143 2144 2145 2146 2147 2148 2149 2150 2151 2152 2153
484     484         MUZAFFARNAGAR-PE-01   2         2154 2155                                                   
485     485         MUZAFFARPUR-PE-01     2         2156 2157                                                   
486     486         MUZAFFARPUR-PE-02     2         2158 2159                                                   
487     487         MYSORE-PE-02          2         2160 2161                                                   
488     488         MYSORE-PE-03          3         2162 2163 2164                                              
489     489         NAGAON-PE-01          1         2165                                                        
490     490         NAGAUR-PE-01          1         2166                                                        
491     491         NAGERCOIL-PE-01       3         2167 2168 2169                                              
492     492         NAGERCOIL-PE-02       2         2170 2171                                                   
493     493         NAGPUR-GSMPE-01       2         2172 2173                                                   
494     494         NAGPUR-GSMPE-02       2         2174 2175                                                   
495     495         NAGPUR-MCR-01         2         2176 2177                                                   
496     496         NAGPUR-PE-02          2         2178 2179                                                   
497     497         NAGPUR-PE-03          2         2180 2181                                                   
498     498         NAGPUR-PE-04          2         2182 2183                                                   
499     499         NAGPUR-PE-05          2         2184 2185                                                   
500     500         NAGPUR-PP-01          1         2186                                                        
501     501         NAGPUR-PP-03          36        2187 2188 2189 2190 2191 2192 2193 2194 2195 2196 2197 2198 2199 2200 2201 2202 2203 2204 2205 2206 2207 2208 2209 2210 2211 2212 2213 2214 2215 2216 2217 2218 2219 2220 2221 2222
502     502         NAGPUR-PP-04          28        2223 2224 2225 2226 2227 2228 2229 2230 2231 2232 2233 2234 2235 2236 2237 2238 2239 2240 2241 2242 2243 2244 2245 2246 2247 2248 2249 2250
503     503         NANDED-PE-02          4         2251 2252 2253 2254                                         
504     504         NANDED-PE-03          3         2255 2256 2257                                              
505     505         NASHIK-PE-02          3         2258 2259 2260                                              
506     506         NASHIK-PE-03          3         2261 2262 2263                                              
507     507         NELLORE-PE-02         3         2264 2265 2266                                              
508     508         NELLORE-PE-03         3         2267 2268 2269                                              
509     509         NEWDELHI-GSMPE-01     2         2270 2271                                                   
510     510         NEWDELHI-GSMPE-02     2         2272 2273                                                   
511     511         NEWDELHI-IGW-03       1         2274                                                        
512     512         NEWDELHI-IGW-04       1         2275                                                        
513     513         NEWDELHI-IGWPE-03     2         2276 2277                                                   
514     514         NEWDELHI-IGWPE-04     2         2278 2279                                                   
515     515         NEWDELHI-IRR-01       1         2280                                                        
516     516         NEWDELHI-PE-01        1         2281                                                        
517     517         NEWDELHI-PE-02        3         2282 2283 2284                                              
518     518         NEWDELHI-PE-03        2         2285 2286                                                   
519     519         NEWDELHI-PE-04        1         2287                                                        
520     520         NEWDELHI-PE-05        2         2288 2289                                                   
521     521         NEWDELHI-PE-06        2         2290 2291                                                   
522     522         NEWDELHI-PP-01        1         2292                                                        
523     523         NEWDELHI-PP-03        16        2293 2294 2295 2296 2297 2298 2299 2300 2301 2302 2303 2304 2305 2306 2307 2308
524     524         NEWDELHI-PP-04        26        2309 2310 2311 2312 2313 2314 2315 2316 2317 2318 2319 2320 2321 2322 2323 2324 2325 2326 2327 2328 2329 2330 2331 2332 2333 2334
525     525         NEWDELHI-PP-05        23        2335 2336 2337 2338 2339 2340 2341 2342 2343 2344 2345 2346 2347 2348 2349 2350 2351 2352 2353 2354 2355 2356 2357
526     526         NEWDELHI-PP-06        29        2358 2359 2360 2361 2362 2363 2364 2365 2366 2367 2368 2369 2370 2371 2372 2373 2374 2375 2376 2377 2378 2379 2380 2381 2382 2383 2384 2385 2386
527     527         NIZAMABAD-PE-02       2         2387 2388                                                   
528     528         NOIDA-PE-02           2         2389 2390                                                   
529     529         NOIDA-PE-03           2         2391 2392                                                   
530     530         NOIDA-PE-04           1         2393                                                        
531     531         NOIDA-PE-06           2         2394 2395                                                   
532     532         NOIDA-PP-02           21        2396 2397 2398 2399 2400 2401 2402 2403 2404 2405 2406 2407 2408 2409 2410 2411 2412 2413 2414 2415 2416
533     533         NOIDA-VRR-02          1         2417                                                        
534     534         ONGOLE-PE-01          2         2418 2419                                                   
535     535         OOTY-PE-01            1         2420                                                        
536     536         PALGHAT-PE-02         2         2421 2422                                                   
537     537         PALGHAT-PE-03         2         2423 2424                                                   
538     538         PANJIM-PE-02          1         2425                                                        
539     539         PANJIM-PE-03          2         2426 2427                                                   
540     540         PANJIM-PP-01          15        2428 2429 2430 2431 2432 2433 2434 2435 2436 2437 2438 2439 2440 2441 2442
541     541         PATANCHERU-PE-01      2         2443 2444                                                   
542     542         PATHANKOT-PE-01       2         2445 2446                                                   
543     543         PATIALA-PE-02         2         2447 2448                                                   
544     544         PATIALA-PE-03         2         2449 2450                                                   
545     545         PATNA-GSMPE-01        2         2451 2452                                                   
546     546         PATNA-GSMPE-02        2         2453 2454                                                   
547     547         PATNA-PE-02           2         2455 2456                                                   
548     548         PATNA-PE-03           2         2457 2458                                                   
549     549         PATNA-PE-04           2         2459 2460                                                   
550     550         PATNA-PE-05           1         2461                                                        
551     551         PATNA-PE-06           2         2462 2463                                                   
552     552         PATNA-PE-07           2         2464 2465                                                   
553     553         PATNA-PP-02           42        2466 2467 2468 2469 2470 2471 2472 2473 2474 2475 2476 2477 2478 2479 2480 2481 2482 2483 2484 2485 2486 2487 2488 2489 2490 2491 2492 2493 2494 2495 2496 2497 2498 2499 2500 2501 2502 2503 2504 2505 2506 2507
554     554         PATNA-VRR-01          1         2508                                                        
555     555         PONDICHERRY-PE-02     3         2509 2510 2511                                              
556     556         PONDICHERRY-PE-03     4         2512 2513 2514 2515                                         
557     557         PORTBLAIR-PE-01       2         2516 2517                                                   
558     558         PORTBLAIR-PE-02       2         2518 2519                                                   
559     559         PORTBLAIR-PE-03       2         2520 2521                                                   
560     560         PUNE-GSMPE-01         1         2522                                                        
561     561         PUNE-GSMPE-02         2         2523 2524                                                   
562     562         PUNE-GSMPE-03         2         2525 2526                                                   
563     563         PUNE-GSMPE-04         2         2527 2528                                                   
564     564         PUNE-GSMPE-05         2         2529 2530                                                   
565     565         PUNE-MCR-01           1         2531                                                        
566     566         PUNE-MCR-02           2         2532 2533                                                   
567     567         PUNE-PE-02            2         2534 2535                                                   
568     568         PUNE-PE-03            2         2536 2537                                                   
569     569         PUNE-PE-06            2         2538 2539                                                   
570     570         PUNE-PE-07            2         2540 2541                                                   
571     571         PUNE-PE-08            2         2542 2543                                                   
572     572         PUNE-PE-09            2         2544 2545                                                   
573     573         PUNE-PP-01            2         2546 2547                                                   
574     574         PUNE-PP-03            31        2548 2549 2550 2551 2552 2553 2554 2555 2556 2557 2558 2559 2560 2561 2562 2563 2564 2565 2566 2567 2568 2569 2570 2571 2572 2573 2574 2575 2576 2577 2578
575     575         PUNE-PP-04            27        2579 2580 2581 2582 2583 2584 2585 2586 2587 2588 2589 2590 2591 2592 2593 2594 2595 2596 2597 2598 2599 2600 2601 2602 2603 2604 2605
576     576         PUNE-VRR-01           1         2606                                                        
577     577         RAICHUR-PE-02         3         2607 2608 2609                                              
578     578         RAICHUR-PE-03         3         2610 2611 2612                                              
579     579         RAIPUR-GSMPE-01       2         2613 2614                                                   
580     580         RAIPUR-PE-02          2         2615 2616                                                   
581     581         RAIPUR-PE-03          2         2617 2618                                                   
582     582         RAIPUR-PP-02          17        2619 2620 2621 2622 2623 2624 2625 2626 2627 2628 2629 2630 2631 2632 2633 2634 2635
583     583         RAJAMUNDRY-PE-02      2         2636 2637                                                   
584     584         RAJAMUNDRY-PE-03      3         2638 2639 2640                                              
585     585         RAJKOT-PE-02          2         2641 2642                                                   
586     586         RAJKOT-PE-03          1         2643                                                        
587     587         RAJKOT-PE-04          2         2644 2645                                                   
588     588         RAJKOT-PP-02          10        2646 2647 2648 2649 2650 2651 2652 2653 2654 2655           
589     589         RANCHI-PE-01          1         2656                                                        
590     590         RANCHI-PE-02          2         2657 2658                                                   
591     591         RANCHI-PE-03          2         2659 2660                                                   
592     592         RANCHI-PE-04          2         2661 2662                                                   
593     593         RANCHI-PP-02          30        2663 2664 2665 2666 2667 2668 2669 2670 2671 2672 2673 2674 2675 2676 2677 2678 2679 2680 2681 2682 2683 2684 2685 2686 2687 2688 2689 2690 2691 2692
594     594         RATNAGIRI-PE-01       4         2693 2694 2695 2696                                         
595     595         REWARI-PE-01          2         2697 2698                                                   
596     596         REWARI-PE-02          4         2699 2700 2701 2702                                         
597     597         ROHTAK-PE-01          3         2703 2704 2705                                              
598     598         ROHTAK-PE-02          3         2706 2707 2708                                              
599     599         ROPAR-PE-01           2         2709 2710                                                   
600     600         SAGAR-PE-02           2         2711 2712                                                   
601     601         SAGAR-PE-03           3         2713 2714 2715                                              
602     602         SALEM-PE-02           3         2716 2717 2718                                              
603     603         SALEM-PE-03           3         2719 2720 2721                                              
604     604         SALEM-PE-04           3         2722 2723 2724                                              
605     605         SAMBALPUR-PE-02       3         2725 2726 2727                                              
606     606         SAMBALPUR-PE-03       2         2728 2729                                                   
607     607         SAMBALPUR-PP-02       15        2730 2731 2732 2733 2734 2735 2736 2737 2738 2739 2740 2741 2742 2743 2744
608     608         SANGAREDDY-PE-01      2         2745 2746                                                   
609     609         SANGLI-PE-01          3         2747 2748 2749                                              
610     610         SANGRUR-PE-02         2         2750 2751                                                   
611     611         SASARAM-PE-01         2         2752 2753                                                   
612     612         SATARA-PE-01          3         2754 2755 2756                                              
613     613         SATARA-PE-02          3         2757 2758 2759                                              
614     614         SATNA-PE-01           1         2760                                                        
615     615         SATNA-PE-02           1         2761                                                        
616     616         SATNA-PE-03           4         2762 2763 2764 2765                                         
617     617         SECUNDERABAD-PE-01    2         2766 2767                                                   
618     618         SECUNDERABAD-PP-01    36        2768 2769 2770 2771 2772 2773 2774 2775 2776 2777 2778 2779 2780 2781 2782 2783 2784 2785 2786 2787 2788 2789 2790 2791 2792 2793 2794 2795 2796 2797 2798 2799 2800 2801 2802 2803
619     619         SHILLONG-PE-03        1         2804                                                        
620     620         SHILLONG-PP-01        3         2805 2806 2807                                              
621     621         SHIMLA-GSMPE-01       2         2808 2809                                                   
622     622         SHIMLA-MCR-01         1         2810                                                        
623     623         SHIMLA-PE-02          2         2811 2812                                                   
624     624         SHIMLA-PE-03          2         2813 2814                                                   
625     625         SHIMLA-PP-01          15        2815 2816 2817 2818 2819 2820 2821 2822 2823 2824 2825 2826 2827 2828 2829
626     626         SHIMOGA-PE-01         2         2830 2831                                                   
627     627         SHIMOGA-PE-02         2         2832 2833                                                   
628     628         SIKANDRABAD-VSATPE-01  1         2834                                                        
629     629         SILCHAR-PE-01         2         2835 2836                                                   
630     630         SILCHAR-PE-03         1         2837                                                        
631     631         SILIGURI-PE-02        2         2838 2839                                                   
632     632         SILIGURI-PE-03        2         2840 2841                                                   
633     633         SILIGURI-PP-02        24        2842 2843 2844 2845 2846 2847 2848 2849 2850 2851 2852 2853 2854 2855 2856 2857 2858 2859 2860 2861 2862 2863 2864 2865
634     634         SITAPUR-PE-01         2         2866 2867                                                   
635     635         SOLAN-PE-01           2         2868 2869                                                   
636     636         SOLAN-PE-02           2         2870 2871                                                   
637     637         SOLAPUR-PE-02         2         2872 2873                                                   
638     638         SOLAPUR-PE-03         2         2874 2875                                                   
639     639         SOLAPUR-PP-02         17        2876 2877 2878 2879 2880 2881 2882 2883 2884 2885 2886 2887 2888 2889 2890 2891 2892
640     640         SRIGANGANAGAR-PE-01   3         2893 2894 2895                                              
641     641         SRINAGAR-PE-01        1         2896                                                        
642     642         SRINAGAR-PE-02        1         2897                                                        
643     643         SURAT-PE-02           3         2898 2899 2900                                              
644     644         SURAT-PE-03           2         2901 2902                                                   
645     645         SURAT-PP-01           26        2903 2904 2905 2906 2907 2908 2909 2910 2911 2912 2913 2914 2915 2916 2917 2918 2919 2920 2921 2922 2923 2924 2925 2926 2927 2928
646     646         TANJORE-PE-01         2         2929 2930                                                   
647     647         TANJORE-PE-02         2         2931 2932                                                   
648     648         TEZPUR-PE-02          2         2933 2934                                                   
649     649         TEZPUR-PE-03          3         2935 2936 2937                                              
650     650         THANE-GSMPE-01        2         2938 2939                                                   
651     651         THANE-GSMPE-02        1         2940                                                        
652     652         THANE-PE-01           2         2941 2942                                                   
653     653         THIRUVALLA-PE-01      2         2943 2944                                                   
654     654         THIRUVALLA-PE-02      2         2945 2946                                                   
655     655         TIRUNELVELI-PE-02     3         2947 2948 2949                                              
656     656         TIRUNELVELI-PE-03     3         2950 2951 2952                                              
657     657         TIRUPATI-PE-02        3         2953 2954 2955                                              
658     658         TIRUPATI-PE-03        3         2956 2957 2958                                              
659     659         TRICHUR-PE-02         2         2959 2960                                                   
660     660         TRICHUR-PE-03         2         2961 2962                                                   
661     661         TRICHY-GSMPE-01       2         2963 2964                                                   
662     662         TRICHY-GSMPE-02       2         2965 2966                                                   
663     663         TRICHY-MCR-01         2         2967 2968                                                   
664     664         TRICHY-PE-01          1         2969                                                        
665     665         TRICHY-PE-02          2         2970 2971                                                   
666     666         TRICHY-PE-03          2         2972 2973                                                   
667     667         TRICHY-PE-04          2         2974 2975                                                   
668     668         TRICHY-PP-01          28        2976 2977 2978 2979 2980 2981 2982 2983 2984 2985 2986 2987 2988 2989 2990 2991 2992 2993 2994 2995 2996 2997 2998 2999 3000 3001 3002 3003
669     669         TRIVANDRUM-PE-02      3         3004 3005 3006                                              
670     670         TRIVANDRUM-PE-03      2         3007 3008                                                   
671     671         TRIVANDRUM-PE-04      2         3009 3010                                                   
672     672         TRIVANDRUM-PE-05      2         3011 3012                                                   
673     673         TRIVANDRUM-PP-01      22        3013 3014 3015 3016 3017 3018 3019 3020 3021 3022 3023 3024 3025 3026 3027 3028 3029 3030 3031 3032 3033 3034
674     674         TUMKUR-PE-01          2         3035 3036                                                   
675     675         TUTICORIN-PE-01       2         3037 3038                                                   
676     676         UDAIPUR-PE-02         2         3039 3040                                                   
677     677         UDAIPUR-PE-03         2         3041 3042                                                   
678     678         UDAIPUR-PP-01         11        3043 3044 3045 3046 3047 3048 3049 3050 3051 3052 3053      
679     679         UDUPI-PE-01           1         3054                                                        
680     680         UJJAIN-PE-02          2         3055 3056                                                   
681     681         VADODARA-MCR-01       3         3057 3058 3059                                              
682     682         VADODARA-PE-02        3         3060 3061 3062                                              
683     683         VADODARA-PE-03        2         3063 3064                                                   
684     684         VADODARA-PE-04        3         3065 3066 3067                                              
685     685         VALSAD-PE-01          3         3068 3069 3070                                              
686     686         VARANASI-PE-02        2         3071 3072                                                   
687     687         VARANASI-PE-03        1         3073                                                        
688     688         VARANASI-PE-04        2         3074 3075                                                   
689     689         VARANASI-PP-02        20        3076 3077 3078 3079 3080 3081 3082 3083 3084 3085 3086 3087 3088 3089 3090 3091 3092 3093 3094 3095
690     690         VELLORE-PE-02         3         3096 3097 3098                                              
691     691         VELLORE-PE-03         3         3099 3100 3101                                              
692     692         VELLORE-PE-04         3         3102 3103 3104                                              
693     693         VIJAYAWADA-GSMPE-01   1         3105                                                        
694     694         VIJAYAWADA-GSMPE-02   1         3106                                                        
695     695         VIJAYAWADA-PE-03      1         3107                                                        
696     696         VIJAYAWADA-PE-04      3         3108 3109 3110                                              
697     697         VIJAYAWADA-PP-02      26        3111 3112 3113 3114 3115 3116 3117 3118 3119 3120 3121 3122 3123 3124 3125 3126 3127 3128 3129 3130 3131 3132 3133 3134 3135 3136
698     698         VIJAYWADA-GSMPE-01    1         3137                                                        
699     699         VIJAYWADA-GSMPE-02    1         3138                                                        
700     700         VIRUDHUNAGAR-PE-01    3         3139 3140 3141                                              
701     701         VIZAG-PE-02           2         3142 3143                                                   
702     702         VIZAG-PE-03           2         3144 3145                                                   
703     703         VIZAG-PE-04           2         3146 3147                                                   
704     704         VIZAG-PP-02           14        3148 3149 3150 3151 3152 3153 3154 3155 3156 3157 3158 3159 3160 3161
705     705         WARANGAL-PE-03        3         3162 3163 3164                                              
